213834.3
213817.8
213835.7
213841.9
213851.9
213830.8
213866.0
213849.1
213844.77777777778
213851.5
213859.0
213854.7
213843.4
213858.2
213871.5
213861.9
213839.0
213852.0
213886.2
213873.8
213878.7
213864.9
213858.2
213866.4
213859.5
213849.33333333334
213842.5
213837.5
213865.2
213826.7
213906.0
215820.5
221251.8
221753.6
221884.9
221905.3
221897.6
221869.3
221928.1
221943.0
221930.1
221815.0
221794.4
221863.0
221557.1
215631.2
214113.1
214092.1
214100.4
214080.7
214089.5
214081.2
214064.1
214059.0
214059.5
214048.2
214013.5
214013.4
214021.5
214001.4
213996.8
214005.6
213993.2
214005.6
213997.5
213986.9
214017.7
213988.6
214001.5
213983.6
213984.0
213983.6
214011.7
214005.4
214021.6