214271.0
214277.3
214303.6
214283.6
214316.6
214322.3
214329.3
214326.9
214330.4
214343.3
214318.2
214309.5
214307.0
214327.8
214323.2
214303.5
214326.9
214319.8
214290.1
214285.8
214315.3
214318.6
214307.5
214312.8
214305.4
214311.7
214313.4
214311.3
214293.8
214323.2
214477.8
214921.4
216268.9
218724.7
221057.5
222212.4
222282.9
222278.9
222312.9
222364.2
222335.6
222290.4
222168.6
222071.9
221398.8
220003.1
218144.0
215839.0
214686.3
214550.44444444444
214537.3
214558.8
214558.88888888888
214524.5
214533.9
214538.7
214497.5
214506.5
214465.9
214458.9
214468.2
214447.1
214428.5
214440.9
214427.1
214436.5
214421.8
214414.8
214405.0
214415.3
214408.7
214395.6
214387.8
214380.6
214390.2
