213417.45
213394.9
213375.45
213383.2
213407.5
213418.1
213436.75
213430.4
213461.3
213455.05263157896
213446.1052631579
213487.5
213426.45
213433.15
213434.65
213450.6
213502.65
213470.1
213502.35
213535.35
213552.4
213507.8
213518.75
213487.65
213530.1
213560.6
213529.0
213551.6
213590.9
213612.68421052632
213604.75
213619.15
213638.05
213669.65
213609.55
213613.8
213616.6
213632.75
213675.85
213679.35
213677.5
213700.7
213687.68421052632
213697.1052631579
213700.35
213737.45
213752.35
213745.25
213792.3
213837.2
213863.9
213882.1
213935.6
213937.0
213875.25
213879.8
213890.5
213899.55
213899.45
213936.3
213916.7
213956.15
213940.47368421053
213971.5
214013.55
214014.4
214001.35
214055.95
214071.9
214066.65
214077.35
214059.25
214051.3
214045.8
214085.7
214119.55
214142.45
214142.1
214139.75
214115.05
214032.85
214031.55
214134.55
214139.6
214075.3
214073.65
214108.8947368421
214072.6
214053.0
214022.4
213987.8
214084.05
214017.65
213994.45
214021.9
213901.25
213946.15
213876.65
213951.05
213963.15
213963.55
213969.7
213949.3
213922.85
213895.5
213864.7
213845.05
213863.45
213882.9
213848.8
213867.5
213837.8
213781.6
213779.15
213754.3
213774.4
213696.25
213717.15
213714.7
213689.0
213694.75
213681.45
213696.5
213680.85
213643.7894736842
213614.1
213627.65
213621.3
213647.1
213608.4
213604.75
213574.94736842104
213581.65
213543.65
213532.65
213543.0
213518.95
213533.15
213541.0
213539.65
213503.85
213498.5
213483.5
213500.25
213498.25
213484.35
213466.6
213452.47368421053
213470.75
213456.3
