213573.17
213558.64646464647
213553.31313131313
213556.74
213600.35
213567.0202020202
213584.91
213571.56
213646.08
213637.92
213632.9898989899
213712.01
213685.51
213771.37
213753.75510204083
213778.68
213826.33
213870.77
213902.44
213884.89
213968.05
213957.9090909091
213964.0
213974.62
214025.15
214029.33
214057.28
214094.27272727274
214054.11
213998.94
213967.39393939395
213906.7
213886.39393939395
213868.45
213758.54
213726.57
213650.2626262626
213670.31
213659.48
213621.62
213602.74
213584.94
213530.25510204083
213445.2
213375.11
213335.44
213315.22
213295.91919191918
213274.48
213236.43
