213849.7
213831.5
213854.45
213860.45
213866.7894736842
213841.1
213881.65
213864.35
213804.36842105264
213874.65
213885.9
213903.84210526315
213921.7
213900.9
213882.9
213933.65
213921.85
213970.65
213988.0
213958.85
213981.85
213988.3
214066.7
214121.05
214133.4
214059.85
214092.9
214178.63157894736
214198.0
214191.95
214196.2
214298.26315789475
214311.7
214375.75
214377.9
214395.75
214443.8
214413.35
214394.2
214473.45
214408.2
214442.5
214395.2
214372.1052631579
214374.15
214349.1
214328.1
214404.95
214371.05
214354.65
214315.7
214234.0
214229.85
214203.8
214137.8
214105.3
214063.3
214043.1
214027.75
213984.0
213945.35
213917.0
213868.9
213828.1
213822.15
213829.9
213800.95
213794.6
213780.15
213743.35
213711.95
213670.15
213701.55
213676.9
213652.05
