214255.4
214262.6
214261.4
214285.2
214280.1
214299.4
214294.6
214267.5
214268.7
214275.2
214277.3
214288.9
214292.8
214273.0
214256.0
214222.9
214275.9
214223.9
214265.8
214258.6
214265.3
214232.3
214233.1
214194.6
214217.0
214284.5
214327.1
214488.5
214722.5
215110.7
215966.7
217258.5
218482.0
219532.8
220617.8
221473.1
221760.9
221953.7
222107.3
222137.5
222068.6
221777.9
221097.2
220325.4
219092.6
217686.7
216422.1
215782.9
215076.1
214695.3
214424.1
214271.4
214305.4
214266.3
214281.88888888888
214265.8
214291.5
214258.6
214269.2
214258.0
214253.7
214262.1
214256.4
214224.3
214240.0
214218.3
214261.0
214240.6
214235.5
214229.5
214262.8
214226.3
214233.9
214226.33333333334
214232.6
