214858.7
214858.8
214858.0
214877.1
214866.9
214883.8
214890.8
214915.7
214892.1
214884.9
214872.0
214868.4
214875.5
214895.7
214872.9
214867.4
214840.0
214863.7
214835.6
214866.9
214838.2
214858.8
214874.7
214856.4
214884.0
214911.6
214884.2
214965.7
215209.8
215458.3
215693.4
216124.8
216627.8
217505.3
218369.1
219085.7
220018.1
220923.1
221642.2
222042.4
222300.7
222056.0
221607.5
220698.4
219983.3
218963.44444444444
218050.2
217225.5
216584.5
216178.9
215743.1
215489.5
215136.0
215004.9
214923.2
214839.1
214806.2
214796.0
214747.2
214728.8
214750.1
214713.7
214701.5
214694.3
214697.7
214702.3
214654.4
214649.2
214637.9
214639.8
214624.3
214644.1
214620.0
214615.7
214618.1
