214442.5
214453.8
214465.1
214457.7
214457.4
214459.9
214466.9
214476.5
214467.3
214447.0
214442.3
214455.3
214442.9
214434.6
214453.8
214420.2
214435.6
214443.4
214426.8
214437.9
214473.4
214448.7
214479.4
214498.3
214539.5
214634.9
214699.1
215051.6
215445.7
215701.3
215802.4
216414.9
216939.3
217852.4
218422.4
219375.7
219785.6
220304.4
220688.2
220829.4
220800.8
220314.1
219788.1
219100.0
218312.2
217724.3
217032.7
216391.2
216004.0
215599.7
215335.3
215125.6
214875.7
214727.2
214654.0
214575.7
214555.9
214542.8
214545.8
214536.4
214541.3
214554.0
214523.6
214527.6
214497.4
214495.6
214495.2
214506.8
214484.7
214471.8
214490.5
214466.8
214472.5
214474.7
214483.9
