213933.1
213936.2
213929.4
213938.3
213948.5
213952.7
213969.7
213981.8
213973.1
213974.1
213983.2
213947.5
213999.2
214031.2
213992.6
213977.7
213961.3
214011.9
213974.4
214010.6
213980.9
213982.5
214073.11111111112
214053.0
214109.2
214167.8
214198.2
214358.9
214536.6
214722.4
214911.6
215206.1
215357.8
215558.3
216190.0
216602.0
217228.5
217663.1
218129.6
218430.9
218855.8
218832.8
218800.4
218450.4
218190.7
217667.7
217317.77777777778
216848.5
216330.9
215914.3
215572.6
215280.6
215054.0
214688.4
214600.4
214438.9
214347.4
214271.6
214188.7
214177.5
214152.4
214122.0
214134.0
214110.8
214116.8
214093.7
214127.8
214098.6
214092.0
214073.5
214063.9
214083.3
214066.4
214054.2
214053.2
