214001.9
213986.2
214001.6
213997.7
214005.2
214024.44444444444
214019.7
213990.2
214005.3
214013.7
214017.6
214035.3
214025.2
214004.0
214006.3
214004.2
214032.5
214066.33333333334
214095.7
214121.8
214182.7
214249.8
214230.0
214305.9
214410.9
214491.9
214636.1
214825.6
215107.9
215248.4
215441.5
215818.66666666666
216162.2
216657.77777777778
216780.3
217127.5
217472.2
217687.1
217924.1
218061.2
218022.9
217915.1
217728.2
217265.2
216995.5
216774.1
216320.11111111112
216058.8
215729.1
215519.6
215209.8
215126.2
214920.6
214719.3
214553.7
214427.9
214367.9
214259.5
214196.3
214173.3
214157.6
214105.6
214076.1
214041.9
214027.7
214023.0
214031.9
214016.1
213991.4
214029.1
213985.6
213969.7
213948.1
213948.7
213942.3
