213892.9
213929.6
213910.5
213897.0
213925.4
213916.5
213937.6
213941.6
213934.2
213960.5
213931.0
213940.3
213911.8
213967.5
213982.7
214006.8
214028.9
214058.9
214070.2
214080.6
214157.2
214228.66666666666
214360.2
214308.4
214349.7
214679.9
214790.4
214993.2
215002.5
215129.1
215449.22222222222
215639.44444444444
215774.1
216090.2
216337.7
216600.3
216855.5
217156.9
217216.5
217207.4
217143.9
217050.4
216888.77777777778
216767.1
216554.2
216374.2
216087.0
215796.2
215458.0
215249.1
215202.5
214978.5
214920.9
214662.8
214534.7
214452.1
214362.6
214294.1
214177.5
214151.3
214096.0
214104.7
214023.3
213973.2
214011.9
213993.9
213978.8
213953.2
213963.5
213957.6
213947.8
213910.7
213930.4
213944.7
213880.22222222222
