213745.65
213754.75
213782.45
213771.65
213771.9
213796.1
213780.0
213806.45
213800.0
213821.9
213850.2
213859.35
213896.55
213912.2105263158
213907.6
213955.1
214029.25
214087.35
214090.65
214147.55
214260.35
214335.95
214505.0
214652.2
214614.1
214676.73684210525
214842.15
214983.35
215079.0
215297.5
215393.05
215633.35
215735.75
215796.8
215975.6
216041.05
216176.85
216240.9
216254.25
216278.85
216161.55
216092.2
215982.9
215840.9
215538.75
215481.75
215254.4
215125.2
214922.0
214806.0
214693.65
214588.05263157896
214409.7
214276.5
214094.8
214101.75
214015.8
213952.05
213946.57894736843
213869.55
213842.1
213794.8
213780.2
213761.85
213745.7
213738.3
213736.75
213686.4
213682.65
213684.25
213651.25
213665.35
213695.75
213674.4
213655.8
