213693.25
213702.63157894736
213705.75
213710.55
213720.75
213703.8
213675.0
213658.4
213664.65
213687.1
213704.95
213741.1052631579
213717.3
213725.4
213751.25
213747.9
213823.3
213834.85
213883.9
213960.8
214001.9
214086.1
214120.8
214165.4
214270.85
214467.1
214658.95
214794.55
214844.9
214965.45
215142.55
215357.45
215476.9
215551.45
215625.5
215770.4
215803.1
215822.15
215853.75
215882.75
215843.8
215810.05
215667.95
215593.65
215501.2
215379.0
215272.35
215233.9
215108.6
214946.1
214873.15789473685
214740.85
214583.3
214445.15
214345.45
214235.5
214227.65
214209.3
214101.85
214058.35
214007.45
213959.9
213953.35
213910.47368421053
213902.7894736842
213873.65
213876.4
213851.3
213838.65
213809.6
213802.7
213803.1
213801.4
213813.85
213789.8
