214790
214754
214805
214846
214808
214771
16777215
214781
214811
214765
214772
214780
214786
214778
214773
214731
16777215
214761
214787
214776
214778
214726
214679
214742
214778
16777215
214788
214808
214769
214778
214743
214749
214774
214778
16777215
214796
214778
214791
214800
214768
214776
214824
214788
214773
16777215
214785
214762
214777
214798
214805
214772
214784
214806
16777215
214790
214772
214748
214730
214716
214760
214774
214766
16777215
214749
214759
214755
214790
214798
214788
214799
214775
214747
16777215
214754
214763
214769
214755
214751
214752
214779
214761
16777215
214784
214776
214775
214800
214816
214791
214787
214756
16777215
214754
214766
214757
214771
214815
214794
214808
214780
16777215
214744
214772
214802
214811
214750
214739
214751
214785
16777215
214784
214787
214800
214760
214746
214742
214730
214813
16777215
214769
214766
214786
214798
214783
214724
214726
214751
214764
16777215
214751
214788
214795
214791
214784
214806
214744
214771
214838
16777215
214755
214731
214748
214767
214763
214785
214773
214760
214760
16777215
214811
214820
214774
214747
214741
214750
214763
214794
214772
16777215
214749
214760
214778
214812
214833
214842
214819
214819
214797
214772
16777215
214791
214795
214829
214790
214762
214756
214784
214783
16777215
214716
214769
214780
214800
214781
214827
214825
214762
214801
16777215
214808
214752
214765
214764
214767
214744
214754
214796
214772
16777215
214770
214767
214791
214822
214808
214808
214790
214763
214807
16777215
214779
214793
214800
214780
214737
214796
214788
214758
214791
16777215
214781
214803
214773
214712
214760
214762
214764
214803
214831
16777215
214781
214786
214781
214813
214768
214724
214766
214762
214759
16777215
214747
214786
214810
214807
214806
214832
214804
214776
16777215
214802
214778
214786
214789
214808
214799
214821
214802
214793
16777215
214771
214783
214814
214808
214814
214780
214859
214840
214800
16777215
214765
214749
214730
214826
214805
214756
214782
214786
214774
16777215
214727
214713
214723
214792
214757
214735
214738
214777
16777215
214829
214820
214746
214732
214767
214757
214756
214775
214809
16777215
214790
214786
214799
214787
214790
214770
214793
214795
16777215
214782
214743
214787
214803
214804
214820
214805
214770
214778
16777215
214773
214731
214730
214777
214811
214820
214828
214800
16777215
214814
214832
214781
214754
214746
214777
214808
214820
214761
214742
16777215
214712
214804
214831
214818
214831
214824
214804
214761
214773
16777215
214787
214823
214771
214761
214788
214816
214821
214795
214779
16777215
214751
214736
214799
214831
214836
214812
214756
214791
214775
16777215
214790
214787
214781
214808
214829
214745
214738
214756
16777215
214764
214781
214813
214793
214777
214756
214799
214845
214788
16777215
214785
214825
214803
214837
214838
214830
214838
214836
16777215
214824
214814
214804
214829
214857
214822
214782
214834
214875
16777215
214857
214840
214842
214812
214796
214786
214808
214773
214770
16777215
214803
214800
214778
214810
214829
214798
214793
214755
16777215
214744
214791
214787
214784
214803
214817
214801
214803
214797
214837
16777215
214786
214753
214809
214813
214836
214835
214841
214844
214826
16777215
214812
214804
214784
214822
214861
214841
214860
214858
214824
16777215
214847
214855
214835
214829
214847
214822
214805
214854
214807
16777215
214814
214806
214775
214740
214788
214820
214815
214799
214818
16777215
214848
214791
214807
214841
214851
214820
214800
214789
214785
16777215
214765
214776
214787
214799
214786
214805
214866
214844
214774
16777215
214821
214843
214850
214835
214798
214831
214803
