218208
218111
218088
218091
218093
218112
218136
218099
16777215
218106
218107
218116
218173
218214
218244
218162
218174
218093
16777215
218165
218161
218068
218093
218059
218130
218146
218108
16777215
218100
218085
218072
218076
218112
218098
218109
218145
16777215
218129
218198
218116
218037
218068
218114
218120
218253
218216
16777215
218050
218033
218054
218051
218060
218130
218120
218103
218100
16777215
218078
218076
218048
218105
218135
218102
218066
218059
218055
218158
16777215
218087
218063
218025
218000
218082
218139
218085
218063
16777215
218062
218106
218165
218221
218178
218090
217998
218123
16777215
218049
218054
218028
218011
218024
218148
218266
218233
218157
16777215
218083
218099
218114
218105
218088
218023
218096
218161
218119
218063
16777215
218024
218103
218123
218062
218101
218140
218083
218020
218105
16777215
218206
218076
217992
218052
218041
218051
218131
218114
218114
16777215
218019
218025
218079
218093
218026
218105
218065
218036
16777215
218037
218071
218076
218064
218088
218059
218050
218070
218144
16777215
218110
218034
218061
218126
218166
218074
218009
218048
16777215
217983
217939
217960
218052
218115
218097
218088
218161
218209
16777215
218093
218054
218035
218110
218104
218120
218053
218037
16777215
218027
218062
218094
218103
218087
218109
218053
218048
16777215
218081
218077
218108
218073
218051
218043
218051
218144
16777215
218225
218078
218030
218077
218006
217981
218057
218059
16777215
218053
218053
217991
217994
217996
218113
218133
218129
218084
16777215
218051
218011
218056
218024
218000
218083
218163
218130
16777215
218047
218073
218028
218013
218007
218038
218168
218158
218081
16777215
217987
217952
217993
218048
218060
218056
218016
218001
16777215
218058
218152
218115
218099
218055
218036
218109
218186
16777215
218101
217997
217991
218042
218101
218110
218102
218036
218020
217998
16777215
217998
217976
218016
218071
218107
218015
218007
218061
16777215
218074
218025
217999
218053
218032
217992
218045
218056
218089
218103
16777215
218084
218006
217977
217949
217982
218067
218161
218020
217962
16777215
218001
218040
218078
218129
218047
218012
218058
218052
16777215
217995
218059
218196
218145
218072
218047
217995
218021
16777215
218115
218070
218042
218038
218016
217943
218007
218100
16777215
218107
218077
218090
218079
218055
218059
218032
218038
217994
16777215
218020
218058
217958
217955
218041
218028
218027
218077
16777215
218130
218067
218070
217971
217960
218077
218154
218104
218006
16777215
217951
218001
218108
218116
218053
218058
218005
217972
218034
16777215
218093
218026
217912
217961
217984
217959
218054
218152
217988
217907
16777215
5470847
217972
217987
218017
218040
218034
217987
217957
217991
16777215
217964
218013
218105
218118
218082
218051
218051
218063
218069
218025
16777215
217984
217976
217985
218055
217992
217965
218028
218069
218006
16777215
217996
218013
218007
218067
218046
217936
217922
217922
218053
16777215
218094
218102
217998
218042
218026
218034
218052
218077
218038
16777215
217970
217975
218047
218060
218011
217993
217977
218007
16777215
218029
218012
217973
218034
218100
218002
217981
217991
218116
217957
16777215
218001
217996
217868
217965
218024
217960
218041
218094
16777215
218110
218109
217981
217974
217970
218019
218113
218070
16777215
218010
217989
217931
217951
217979
218035
218088
217996
217966
16777215
217945
217968
218054
218120
218039
217998
217985
217986
218011
16777215
217967
217981
218049
218094
218084
218036
217972
217926
217947
16777215
217994
218031
218011
217981
217996
217969
217922
217957
218087
16777215
218104
218043
217936
217961
217991
